10,90
10,120
10,222
10,28
10,276
10,168
10,180
11,4
11,16
11,18
11,8
11,22
8,18
8,16
20,3
20,2
20,1
19,2
19,1
12,3
19,3
12,2
12,1
11,29
11,25
11,21
11,15
11,11
11,9
11,3
11,2
11,1
10,298
10,296
10,292
10,268
18,1
10,234
10,216
18,3
10,160
10,152
10,3
14,1
10,2
10,1
9,7
9,6
9,4
9,3
14,3
13,1
9,2
9,1
13,3
8,15
8,11
8,10
8,7
8,6
8,5
8,4
8,3
8,2
8,1
3,3
3,2
3,1
2,3
2,2
2,1
0,494
0,0
979,34
979,33
979,32
979,31
979,30
979,29
979,28
979,27
979,26
979,25
979,24
979,23
979,22
979,21
979,20
979,19
979,18
979,17
979,16
979,15
979,14
979,13
979,12
979,11
979,10
979,9
979,8
979,7
