10,123
10,21
10,219
10,279
10,231
10,115
10,147
10,213
11,13
11,24
11,10
11,30
12,3
20,2
12,2
20,1
12,1
11,29
11,28
11,26
11,25
11,23
20,3
11,22
11,21
11,20
11,18
11,17
11,16
11,15
11,14
11,12
11,11
11,9
11,8
11,7
11,5
11,4
11,3
11,2
11,1
10,317
10,298
19,2
19,1
10,296
10,293
19,3
10,292
10,276
10,269
10,268
10,243
10,234
10,233
10,222
10,216
10,209
10,205
10,180
10,168
10,160
10,157
10,152
10,151
10,137
10,133
18,1
10,120
10,103
18,3
10,101
10,90
14,1
10,28
10,17
10,3
14,3
13,1
10,2
10,1
9,7
13,3
9,6
9,5
9,4
9,3
9,2
9,1
8,18
8,17
8,16
8,15
8,14
8,13
8,12
8,11
8,10
8,9
8,7
8,6
8,5
8,4
8,3
8,2
8,1
3,3
3,2
3,1
2,3
2,2
2,1
